bias = 0.05;
dt = 0.01;